000,TEACHER,TEACHER,60:45:cb:a7:11:b1
001,2,7,f8:cc:6e:00:dc:d0
002,3,8,f8:cc:6e:00:db:ae
003,4,4,f8:cc:6e:00:db:b4
004,4,6,f8:cc:6e:00:db:a3
005,3,4,f8:cc:6e:00:dc:51
006,3,7,f8:cc:6e:00:db:c2
007,1,3,f8:cc:6e:00:db:ad
008,1,7,f8:cc:6e:00:dc:ce
009,4,2,f8:cc:6e:00:dd:f1
010,3,2,f8:cc:6e:00:db:db
011,3,1,f8:cc:6e:00:db:fa
012,4,7,f8:cc:6e:00:db:b0
013,1,1,f8:cc:6e:00:dc:1f
014,4,8,f8:cc:6e:00:dc:cd
015,1,2,f8:cc:6e:00:db:d4
016,1,4,f8:cc:6e:00:dc:cc
019,3,5,f8:cc:6e:00:db:b1
020,1,5,f8:cc:6e:00:db:b2
022,2,4,f8:cc:6e:00:dc:d6
021,3,3,f8:cc:6e:00:db:ef
023,2,2,f8:cc:6e:00:dc:27
024,4,5,f8:cc:6e:00:dc:03
025,4,3,f8:cc:6e:00:dc:68
026,1,8,f8:cc:6e:00:db:ec
027,2,5,f8:cc:6e:00:db:ed
028,2,6,f8:cc:6e:00:db:ee
029,2,1,f8:cc:6e:00:dd:0c
030,3,6,f8:cc:6e:00:dc:a2
031,2,8,f8:cc:6e:00:dc:13
032,2,3,f8:cc:6e:00:db:b5
033,1,6,f8:cc:6e:00:dc:c8
